01000010
01000001
01000001
01000001
01000010
01000010
01000001
01000010
01000001
01000010
01000010
01000010
01000001
01001001
01000011
01000010
01000001
01000010
01000010
01000010
01000001
01000010
01000010
01000001
01000001
01000010
01000001
01000010
01000010
01000001
01000010
01000001
01000010
01000010
01000001
01000010
00000010
01000001
00000001
01000001
01000010
01000001
01000010
01000010
01000001
01000010
11000100
10000010
10000010
10000010
10000010
10000100
10000100
10000100
10000010
10000010
10000100
10000010
10000100
10000100
10000010
10000100
10000100
10000010
10000010
10000100
10000010
10000010
10000100
10000010
10000010
10000100
10000010
10000100
10000010
10000100
10000010
10000010
10000010
10000100
10000010
10000100
10000100
10000100
10000100
10000010
10000100
10000010
10000100
10000100
10000010
00000100
10000010
10000100
10000100
10000010
10000010
10000010
10000010
10000100
10000100
10000010
10000100
10000010
10000100
10000010
10000010
10000100
10000010
10000100
10000010
10000010
10000100
10000010
10000010
00000010
10000010
10000100
10000010
11000010
10000010
10000010
10000100
10000010
10000010
10000010
10000010
10000010
10000010
10000001
01000010
01000001
01000001
01000010
01000001
01000010
01000010
01000001
01000001
01000010
00000010
01000001
01000010
01001010
01000001
01000010
01010001
01000010
01000001
01000010
01000001
01000001
01000010
01000010
01000010
01000010
01000001
01000001
01000010
01000001
01000001
01000001
01000001
01000010
01000010
01000001
01000001
00000010
01000001
01000001
01000001
01000001
01000010
01000001
01000001
01000001
01000010
01000010
01000010
01000010
01000001
01000010
01000001
01000010
01000001
01000001
01000001
01000010
01000001
01000010
01000001
01000001
01000001
01000001
01000001
01000101
01000001
01000010
01000001
01000010
01000001
01000010
01000010
01010010
01001010
01000010
01000001
01000010
01000010
01000101